/*--------------------------------*- C++ -*----------------------------------*\
| =========                 |                                                 |
| \\      /  F ield         | OpenFOAM: The Open Source CFD Toolbox           |
|  \\    /   O peration     | Version:  v2012                                 |
|   \\  /    A nd           | Website:  www.openfoam.com                      |
|    \\/     M anipulation  |                                                 |
\*---------------------------------------------------------------------------*/
FoamFile
{
    version     2.0;
    format      ascii;
    class       volScalarField;
    location    "0";
    object      yPlus;
}
// * * * * * * * * * * * * * * * * * * * * * * * * * * * * * * * * * * * * * //

dimensions      [0 0 0 0 0 0 0];


internalField   uniform 0;

boundaryField
{
    aerofoil
    {
        type            calculated;
        value           nonuniform List<scalar> 
6000
(
97.414658
97.414658
97.414658
97.414658
97.414658
97.414658
97.414658
97.414658
97.414658
97.414658
97.414658
97.414658
97.414658
97.414658
97.414658
97.414658
97.414658
97.414658
97.414658
97.414658
97.279691
97.279691
97.279691
97.279691
97.279691
97.279691
97.279691
97.279691
97.279691
97.279691
97.279691
97.279691
97.279691
97.279691
97.279691
97.279691
97.279691
97.279691
97.279691
97.279691
97.150011
97.150011
97.150011
97.150011
97.150011
97.150011
97.150011
97.150011
97.150011
97.150011
97.150011
97.150011
97.150011
97.150011
97.150011
97.150011
97.150011
97.150011
97.150011
97.150011
97.025475
97.025475
97.025475
97.025475
97.025475
97.025475
97.025475
97.025475
97.025475
97.025475
97.025475
97.025475
97.025475
97.025475
97.025475
97.025475
97.025475
97.025475
97.025475
97.025475
96.905899
96.905899
96.905899
96.905899
96.905899
96.905899
96.905899
96.905899
96.905899
96.905899
96.905899
96.905899
96.905899
96.905899
96.905899
96.905899
96.905899
96.905899
96.905899
96.905899
96.791201
96.791201
96.791201
96.791201
96.791201
96.791201
96.791201
96.791201
96.791201
96.791201
96.791201
96.791201
96.791201
96.791201
96.791201
96.791201
96.791201
96.791201
96.791201
96.791201
96.681281
96.681281
96.681281
96.681281
96.681281
96.681281
96.681281
96.681281
96.681281
96.681281
96.681281
96.681281
96.681281
96.681281
96.681281
96.681281
96.681281
96.681281
96.681281
96.681281
96.575928
96.575928
96.575928
96.575928
96.575928
96.575928
96.575928
96.575928
96.575928
96.575928
96.575928
96.575928
96.575928
96.575928
96.575928
96.575928
96.575928
96.575928
96.575928
96.575928
96.474939
96.474939
96.474939
96.474939
96.474939
96.474939
96.474939
96.474939
96.474939
96.474939
96.474939
96.474939
96.474939
96.474939
96.474939
96.474939
96.474939
96.474939
96.474939
96.474939
96.378282
96.378282
96.378282
96.378282
96.378282
96.378282
96.378282
96.378282
96.378282
96.378282
96.378282
96.378282
96.378282
96.378282
96.378282
96.378282
96.378282
96.378282
96.378282
96.378282
96.285824
96.285824
96.285824
96.285824
96.285824
96.285824
96.285824
96.285824
96.285824
96.285824
96.285824
96.285824
96.285824
96.285824
96.285824
96.285824
96.285824
96.285824
96.285824
96.285824
96.197281
96.197281
96.197281
96.197281
96.197281
96.197281
96.197281
96.197281
96.197281
96.197281
96.197281
96.197281
96.197281
96.197281
96.197281
96.197281
96.197281
96.197281
96.197281
96.197281
96.11272
96.11272
96.11272
96.11272
96.11272
96.11272
96.11272
96.11272
96.11272
96.11272
96.11272
96.11272
96.11272
96.11272
96.11272
96.11272
96.11272
96.11272
96.11272
96.11272
96.031797
96.031797
96.031797
96.031797
96.031797
96.031797
96.031797
96.031797
96.031797
96.031797
96.031797
96.031797
96.031797
96.031797
96.031797
96.031797
96.031797
96.031797
96.031797
96.031797
95.954411
95.954411
95.954411
95.954411
95.954411
95.954411
95.954411
95.954411
95.954411
95.954411
95.954411
95.954411
95.954411
95.954411
95.954411
95.954411
95.954411
95.954411
95.954411
95.954411
95.880575
95.880575
95.880575
95.880575
95.880575
95.880575
95.880575
95.880575
95.880575
95.880575
95.880575
95.880575
95.880575
95.880575
95.880575
95.880575
95.880575
95.880575
95.880575
95.880575
95.80992
95.80992
95.80992
95.80992
95.80992
95.80992
95.80992
95.80992
95.80992
95.80992
95.80992
95.80992
95.80992
95.80992
95.80992
95.80992
95.80992
95.80992
95.80992
95.80992
95.742479
95.742479
95.742479
95.742479
95.742479
95.742479
95.742479
95.742479
95.742479
95.742479
95.742479
95.742479
95.742479
95.742479
95.742479
95.742479
95.742479
95.742479
95.742479
95.742479
95.677985
95.677985
95.677985
95.677985
95.677985
95.677985
95.677985
95.677985
95.677985
95.677985
95.677985
95.677985
95.677985
95.677985
95.677985
95.677985
95.677985
95.677985
95.677985
95.677985
95.616335
95.616335
95.616335
95.616335
95.616335
95.616335
95.616335
95.616335
95.616335
95.616335
95.616335
95.616335
95.616335
95.616335
95.616335
95.616335
95.616335
95.616335
95.616335
95.616335
95.557438
95.557438
95.557438
95.557438
95.557438
95.557438
95.557438
95.557438
95.557438
95.557438
95.557438
95.557438
95.557438
95.557438
95.557438
95.557438
95.557438
95.557438
95.557438
95.557438
95.501036
95.501036
95.501036
95.501036
95.501036
95.501036
95.501036
95.501036
95.501036
95.501036
95.501036
95.501036
95.501036
95.501036
95.501036
95.501036
95.501036
95.501036
95.501036
95.501036
95.447231
95.447231
95.447231
95.447231
95.447231
95.447231
95.447231
95.447231
95.447231
95.447231
95.447231
95.447231
95.447231
95.447231
95.447231
95.447231
95.447231
95.447231
95.447231
95.447231
95.395375
95.395375
95.395375
95.395375
95.395375
95.395375
95.395375
95.395375
95.395375
95.395375
95.395375
95.395375
95.395375
95.395375
95.395375
95.395375
95.395375
95.395375
95.395375
95.395375
95.345938
95.345938
95.345938
95.345938
95.345938
95.345938
95.345938
95.345938
95.345938
95.345938
95.345938
95.345938
95.345938
95.345938
95.345938
95.345938
95.345938
95.345938
95.345938
95.345938
95.298494
95.298494
95.298494
95.298494
95.298494
95.298494
95.298494
95.298494
95.298494
95.298494
95.298494
95.298494
95.298494
95.298494
95.298494
95.298494
95.298494
95.298494
95.298494
95.298494
95.25272
95.25272
95.25272
95.25272
95.25272
95.25272
95.25272
95.25272
95.25272
95.25272
95.25272
95.25272
95.25272
95.25272
95.25272
95.25272
95.25272
95.25272
95.25272
95.25272
95.208818
95.208818
95.208818
95.208818
95.208818
95.208818
95.208818
95.208818
95.208818
95.208818
95.208818
95.208818
95.208818
95.208818
95.208818
95.208818
95.208818
95.208818
95.208818
95.208818
95.166378
95.166378
95.166378
95.166378
95.166378
95.166378
95.166378
95.166378
95.166378
95.166378
95.166378
95.166378
95.166378
95.166378
95.166378
95.166378
95.166378
95.166378
95.166378
95.166378
95.125448
95.125448
95.125448
95.125448
95.125448
95.125448
95.125448
95.125448
95.125448
95.125448
95.125448
95.125448
95.125448
95.125448
95.125448
95.125448
95.125448
95.125448
95.125448
95.125448
95.085825
95.085825
95.085825
95.085825
95.085825
95.085825
95.085825
95.085825
95.085825
95.085825
95.085825
95.085825
95.085825
95.085825
95.085825
95.085825
95.085825
95.085825
95.085825
95.085825
95.047497
95.047497
95.047497
95.047497
95.047497
95.047497
95.047497
95.047497
95.047497
95.047497
95.047497
95.047497
95.047497
95.047497
95.047497
95.047497
95.047497
95.047497
95.047497
95.047497
95.010188
95.010188
95.010188
95.010188
95.010188
95.010188
95.010188
95.010188
95.010188
95.010188
95.010188
95.010188
95.010188
95.010188
95.010188
95.010188
95.010188
95.010188
95.010188
95.010188
94.973636
94.973636
94.973636
94.973636
94.973636
94.973636
94.973636
94.973636
94.973636
94.973636
94.973636
94.973636
94.973636
94.973636
94.973636
94.973636
94.973636
94.973636
94.973636
94.973636
94.938008
94.938008
94.938008
94.938008
94.938008
94.938008
94.938008
94.938008
94.938008
94.938008
94.938008
94.938008
94.938008
94.938008
94.938008
94.938008
94.938008
94.938008
94.938008
94.938008
94.903351
94.903351
94.903351
94.903351
94.903351
94.903351
94.903351
94.903351
94.903351
94.903351
94.903351
94.903351
94.903351
94.903351
94.903351
94.903351
94.903351
94.903351
94.903351
94.903351
94.869302
94.869302
94.869302
94.869302
94.869302
94.869302
94.869302
94.869302
94.869302
94.869302
94.869302
94.869302
94.869302
94.869302
94.869302
94.869302
94.869302
94.869302
94.869302
94.869302
94.835691
94.835691
94.835691
94.835691
94.835691
94.835691
94.835691
94.835691
94.835691
94.835691
94.835691
94.835691
94.835691
94.835691
94.835691
94.835691
94.835691
94.835691
94.835691
94.835691
94.802597
94.802597
94.802597
94.802597
94.802597
94.802597
94.802597
94.802597
94.802597
94.802597
94.802597
94.802597
94.802597
94.802597
94.802597
94.802597
94.802597
94.802597
94.802597
94.802597
94.770128
94.770128
94.770128
94.770128
94.770128
94.770128
94.770128
94.770128
94.770128
94.770128
94.770128
94.770128
94.770128
94.770128
94.770128
94.770128
94.770128
94.770128
94.770128
94.770128
94.73799
94.73799
94.73799
94.73799
94.73799
94.73799
94.73799
94.73799
94.73799
94.73799
94.73799
94.73799
94.73799
94.73799
94.73799
94.73799
94.73799
94.73799
94.73799
94.73799
94.706387
94.706387
94.706387
94.706387
94.706387
94.706387
94.706387
94.706387
94.706387
94.706387
94.706387
94.706387
94.706387
94.706387
94.706387
94.706387
94.706387
94.706387
94.706387
94.706387
94.674951
94.674951
94.674951
94.674951
94.674951
94.674951
94.674951
94.674951
94.674951
94.674951
94.674951
94.674951
94.674951
94.674951
94.674951
94.674951
94.674951
94.674951
94.674951
94.674951
94.644807
94.644807
94.644807
94.644807
94.644807
94.644807
94.644807
94.644807
94.644807
94.644807
94.644807
94.644807
94.644807
94.644807
94.644807
94.644807
94.644807
94.644807
94.644807
94.644807
94.614411
94.614411
94.614411
94.614411
94.614411
94.614411
94.614411
94.614411
94.614411
94.614411
94.614411
94.614411
94.614411
94.614411
94.614411
94.614411
94.614411
94.614411
94.614411
94.614411
94.585353
94.585353
94.585353
94.585353
94.585353
94.585353
94.585353
94.585353
94.585353
94.585353
94.585353
94.585353
94.585353
94.585353
94.585353
94.585353
94.585353
94.585353
94.585353
94.585353
94.556869
94.556869
94.556869
94.556869
94.556869
94.556869
94.556869
94.556869
94.556869
94.556869
94.556869
94.556869
94.556869
94.556869
94.556869
94.556869
94.556869
94.556869
94.556869
94.556869
94.529627
94.529627
94.529627
94.529627
94.529627
94.529627
94.529627
94.529627
94.529627
94.529627
94.529627
94.529627
94.529627
94.529627
94.529627
94.529627
94.529627
94.529627
94.529627
94.529627
94.504196
94.504196
94.504196
94.504196
94.504196
94.504196
94.504196
94.504196
94.504196
94.504196
94.504196
94.504196
94.504196
94.504196
94.504196
94.504196
94.504196
94.504196
94.504196
94.504196
94.480432
94.480432
94.480432
94.480432
94.480432
94.480432
94.480432
94.480432
94.480432
94.480432
94.480432
94.480432
94.480432
94.480432
94.480432
94.480432
94.480432
94.480432
94.480432
94.480432
94.45874
94.45874
94.45874
94.45874
94.45874
94.45874
94.45874
94.45874
94.45874
94.45874
94.45874
94.45874
94.45874
94.45874
94.45874
94.45874
94.45874
94.45874
94.45874
94.45874
94.440343
94.440343
94.440343
94.440343
94.440343
94.440343
94.440343
94.440343
94.440343
94.440343
94.440343
94.440343
94.440343
94.440343
94.440343
94.440343
94.440343
94.440343
94.440343
94.440343
94.42562
94.42562
94.42562
94.42562
94.42562
94.42562
94.42562
94.42562
94.42562
94.42562
94.42562
94.42562
94.42562
94.42562
94.42562
94.42562
94.42562
94.42562
94.42562
94.42562
94.415229
94.415229
94.415229
94.415229
94.415229
94.415229
94.415229
94.415229
94.415229
94.415229
94.415229
94.415229
94.415229
94.415229
94.415229
94.415229
94.415229
94.415229
94.415229
94.415229
94.410543
94.410543
94.410543
94.410543
94.410543
94.410543
94.410543
94.410543
94.410543
94.410543
94.410543
94.410543
94.410543
94.410543
94.410543
94.410543
94.410543
94.410543
94.410543
94.410543
94.412674
94.412674
94.412674
94.412674
94.412674
94.412674
94.412674
94.412674
94.412674
94.412674
94.412674
94.412674
94.412674
94.412674
94.412674
94.412674
94.412674
94.412674
94.412674
94.412674
94.422187
94.422187
94.422187
94.422187
94.422187
94.422187
94.422187
94.422187
94.422187
94.422187
94.422187
94.422187
94.422187
94.422187
94.422187
94.422187
94.422187
94.422187
94.422187
94.422187
94.443355
94.443355
94.443355
94.443355
94.443355
94.443355
94.443355
94.443355
94.443355
94.443355
94.443355
94.443355
94.443355
94.443355
94.443355
94.443355
94.443355
94.443355
94.443355
94.443355
94.474872
94.474872
94.474872
94.474872
94.474872
94.474872
94.474872
94.474872
94.474872
94.474872
94.474872
94.474872
94.474872
94.474872
94.474872
94.474872
94.474872
94.474872
94.474872
94.474872
94.522018
94.522018
94.522018
94.522018
94.522018
94.522018
94.522018
94.522018
94.522018
94.522018
94.522018
94.522018
94.522018
94.522018
94.522018
94.522018
94.522018
94.522018
94.522018
94.522018
94.585267
94.585267
94.585267
94.585267
94.585267
94.585267
94.585267
94.585267
94.585267
94.585267
94.585267
94.585267
94.585267
94.585267
94.585267
94.585267
94.585267
94.585267
94.585267
94.585267
94.669126
94.669126
94.669126
94.669126
94.669126
94.669126
94.669126
94.669126
94.669126
94.669126
94.669126
94.669126
94.669126
94.669126
94.669126
94.669126
94.669126
94.669126
94.669126
94.669126
94.777441
94.777441
94.777441
94.777441
94.777441
94.777441
94.777441
94.777441
94.777441
94.777441
94.777441
94.777441
94.777441
94.777441
94.777441
94.777441
94.777441
94.777441
94.777441
94.777441
94.91277
94.91277
94.91277
94.91277
94.91277
94.91277
94.91277
94.91277
94.91277
94.91277
94.91277
94.91277
94.91277
94.91277
94.91277
94.91277
94.91277
94.91277
94.91277
94.91277
95.078835
95.078835
95.078835
95.078835
95.078835
95.078835
95.078835
95.078835
95.078835
95.078835
95.078835
95.078835
95.078835
95.078835
95.078835
95.078835
95.078835
95.078835
95.078835
95.078835
95.279922
95.279922
95.279922
95.279922
95.279922
95.279922
95.279922
95.279922
95.279922
95.279922
95.279922
95.279922
95.279922
95.279922
95.279922
95.279922
95.279922
95.279922
95.279922
95.279922
95.517945
95.517945
95.517945
95.517945
95.517945
95.517945
95.517945
95.517945
95.517945
95.517945
95.517945
95.517945
95.517945
95.517945
95.517945
95.517945
95.517945
95.517945
95.517945
95.517945
95.790991
95.790991
95.790991
95.790991
95.790991
95.790991
95.790991
95.790991
95.790991
95.790991
95.790991
95.790991
95.790991
95.790991
95.790991
95.790991
95.790991
95.790991
95.790991
95.790991
96.094033
96.094033
96.094033
96.094033
96.094033
96.094033
96.094033
96.094033
96.094033
96.094033
96.094033
96.094033
96.094033
96.094033
96.094033
96.094033
96.094033
96.094033
96.094033
96.094033
96.414551
96.414551
96.414551
96.414551
96.414551
96.414551
96.414551
96.414551
96.414551
96.414551
96.414551
96.414551
96.414551
96.414551
96.414551
96.414551
96.414551
96.414551
96.414551
96.414551
96.730065
96.730065
96.730065
96.730065
96.730065
96.730065
96.730065
96.730065
96.730065
96.730065
96.730065
96.730065
96.730065
96.730065
96.730065
96.730065
96.730065
96.730065
96.730065
96.730065
97.009464
97.009464
97.009464
97.009464
97.009464
97.009464
97.009464
97.009464
97.009464
97.009464
97.009464
97.009464
97.009464
97.009464
97.009464
97.009464
97.009464
97.009464
97.009464
97.009464
97.217248
97.217248
97.217248
97.217248
97.217248
97.217248
97.217248
97.217248
97.217248
97.217248
97.217248
97.217248
97.217248
97.217248
97.217248
97.217248
97.217248
97.217248
97.217248
97.217248
97.31943
97.31943
97.31943
97.31943
97.31943
97.31943
97.31943
97.31943
97.31943
97.31943
97.31943
97.31943
97.31943
97.31943
97.31943
97.31943
97.31943
97.31943
97.31943
97.31943
97.300451
97.300451
97.300451
97.300451
97.300451
97.300451
97.300451
97.300451
97.300451
97.300451
97.300451
97.300451
97.300451
97.300451
97.300451
97.300451
97.300451
97.300451
97.300451
97.300451
97.345856
97.345856
97.345856
97.345856
97.345856
97.345856
97.345856
97.345856
97.345856
97.345856
97.345856
97.345856
97.345856
97.345856
97.345856
97.345856
97.345856
97.345856
97.345856
97.345856
97.349049
97.349049
97.349049
97.349049
97.349049
97.349049
97.349049
97.349049
97.349049
97.349049
97.349049
97.349049
97.349049
97.349049
97.349049
97.349049
97.349049
97.349049
97.349049
97.349049
97.352164
97.352164
97.352164
97.352164
97.352164
97.352164
97.352164
97.352164
97.352164
97.352164
97.352164
97.352164
97.352164
97.352164
97.352164
97.352164
97.352164
97.352164
97.352164
97.352164
97.355146
97.355146
97.355146
97.355146
97.355146
97.355146
97.355146
97.355146
97.355146
97.355146
97.355146
97.355146
97.355146
97.355146
97.355146
97.355146
97.355146
97.355146
97.355146
97.355146
97.357991
97.357991
97.357991
97.357991
97.357991
97.357991
97.357991
97.357991
97.357991
97.357991
97.357991
97.357991
97.357991
97.357991
97.357991
97.357991
97.357991
97.357991
97.357991
97.357991
97.360772
97.360772
97.360772
97.360772
97.360772
97.360772
97.360772
97.360772
97.360772
97.360772
97.360772
97.360772
97.360772
97.360772
97.360772
97.360772
97.360772
97.360772
97.360772
97.360772
97.363441
97.363441
97.363441
97.363441
97.363441
97.363441
97.363441
97.363441
97.363441
97.363441
97.363441
97.363441
97.363441
97.363441
97.363441
97.363441
97.363441
97.363441
97.363441
97.363441
97.365951
97.365951
97.365951
97.365951
97.365951
97.365951
97.365951
97.365951
97.365951
97.365951
97.365951
97.365951
97.365951
97.365951
97.365951
97.365951
97.365951
97.365951
97.365951
97.365951
97.368481
97.368481
97.368481
97.368481
97.368481
97.368481
97.368481
97.368481
97.368481
97.368481
97.368481
97.368481
97.368481
97.368481
97.368481
97.368481
97.368481
97.368481
97.368481
97.368481
97.370867
97.370867
97.370867
97.370867
97.370867
97.370867
97.370867
97.370867
97.370867
97.370867
97.370867
97.370867
97.370867
97.370867
97.370867
97.370867
97.370867
97.370867
97.370867
97.370867
97.373178
97.373178
97.373178
97.373178
97.373178
97.373178
97.373178
97.373178
97.373178
97.373178
97.373178
97.373178
97.373178
97.373178
97.373178
97.373178
97.373178
97.373178
97.373178
97.373178
97.375463
97.375463
97.375463
97.375463
97.375463
97.375463
97.375463
97.375463
97.375463
97.375463
97.375463
97.375463
97.375463
97.375463
97.375463
97.375463
97.375463
97.375463
97.375463
97.375463
97.377622
97.377622
97.377622
97.377622
97.377622
97.377622
97.377622
97.377622
97.377622
97.377622
97.377622
97.377622
97.377622
97.377622
97.377622
97.377622
97.377622
97.377622
97.377622
97.377622
97.379675
97.379675
97.379675
97.379675
97.379675
97.379675
97.379675
97.379675
97.379675
97.379675
97.379675
97.379675
97.379675
97.379675
97.379675
97.379675
97.379675
97.379675
97.379675
97.379675
97.381762
97.381762
97.381762
97.381762
97.381762
97.381762
97.381762
97.381762
97.381762
97.381762
97.381762
97.381762
97.381762
97.381762
97.381762
97.381762
97.381762
97.381762
97.381762
97.381762
97.383798
97.383798
97.383798
97.383798
97.383798
97.383798
97.383798
97.383798
97.383798
97.383798
97.383798
97.383798
97.383798
97.383798
97.383798
97.383798
97.383798
97.383798
97.383798
97.383798
97.385741
97.385741
97.385741
97.385741
97.385741
97.385741
97.385741
97.385741
97.385741
97.385741
97.385741
97.385741
97.385741
97.385741
97.385741
97.385741
97.385741
97.385741
97.385741
97.385741
97.387649
97.387649
97.387649
97.387649
97.387649
97.387649
97.387649
97.387649
97.387649
97.387649
97.387649
97.387649
97.387649
97.387649
97.387649
97.387649
97.387649
97.387649
97.387649
97.387649
97.389501
97.389501
97.389501
97.389501
97.389501
97.389501
97.389501
97.389501
97.389501
97.389501
97.389501
97.389501
97.389501
97.389501
97.389501
97.389501
97.389501
97.389501
97.389501
97.389501
97.391293
97.391293
97.391293
97.391293
97.391293
97.391293
97.391293
97.391293
97.391293
97.391293
97.391293
97.391293
97.391293
97.391293
97.391293
97.391293
97.391293
97.391293
97.391293
97.391293
97.39305
97.39305
97.39305
97.39305
97.39305
97.39305
97.39305
97.39305
97.39305
97.39305
97.39305
97.39305
97.39305
97.39305
97.39305
97.39305
97.39305
97.39305
97.39305
97.39305
97.394827
97.394827
97.394827
97.394827
97.394827
97.394827
97.394827
97.394827
97.394827
97.394827
97.394827
97.394827
97.394827
97.394827
97.394827
97.394827
97.394827
97.394827
97.394827
97.394827
97.396535
97.396535
97.396535
97.396535
97.396535
97.396535
97.396535
97.396535
97.396535
97.396535
97.396535
97.396535
97.396535
97.396535
97.396535
97.396535
97.396535
97.396535
97.396535
97.396535
97.398275
97.398275
97.398275
97.398275
97.398275
97.398275
97.398275
97.398275
97.398275
97.398275
97.398275
97.398275
97.398275
97.398275
97.398275
97.398275
97.398275
97.398275
97.398275
97.398275
97.39992
97.39992
97.39992
97.39992
97.39992
97.39992
97.39992
97.39992
97.39992
97.39992
97.39992
97.39992
97.39992
97.39992
97.39992
97.39992
97.39992
97.39992
97.39992
97.39992
97.401568
97.401568
97.401568
97.401568
97.401568
97.401568
97.401568
97.401568
97.401568
97.401568
97.401568
97.401568
97.401568
97.401568
97.401568
97.401568
97.401568
97.401568
97.401568
97.401568
97.403183
97.403183
97.403183
97.403183
97.403183
97.403183
97.403183
97.403183
97.403183
97.403183
97.403183
97.403183
97.403183
97.403183
97.403183
97.403183
97.403183
97.403183
97.403183
97.403183
97.404846
97.404846
97.404846
97.404846
97.404846
97.404846
97.404846
97.404846
97.404846
97.404846
97.404846
97.404846
97.404846
97.404846
97.404846
97.404846
97.404846
97.404846
97.404846
97.404846
97.406448
97.406448
97.406448
97.406448
97.406448
97.406448
97.406448
97.406448
97.406448
97.406448
97.406448
97.406448
97.406448
97.406448
97.406448
97.406448
97.406448
97.406448
97.406448
97.406448
97.408079
97.408079
97.408079
97.408079
97.408079
97.408079
97.408079
97.408079
97.408079
97.408079
97.408079
97.408079
97.408079
97.408079
97.408079
97.408079
97.408079
97.408079
97.408079
97.408079
97.409709
97.409709
97.409709
97.409709
97.409709
97.409709
97.409709
97.409709
97.409709
97.409709
97.409709
97.409709
97.409709
97.409709
97.409709
97.409709
97.409709
97.409709
97.409709
97.409709
97.411252
97.411252
97.411252
97.411252
97.411252
97.411252
97.411252
97.411252
97.411252
97.411252
97.411252
97.411252
97.411252
97.411252
97.411252
97.411252
97.411252
97.411252
97.411252
97.411252
97.412858
97.412858
97.412858
97.412858
97.412858
97.412858
97.412858
97.412858
97.412858
97.412858
97.412858
97.412858
97.412858
97.412858
97.412858
97.412858
97.412858
97.412858
97.412858
97.412858
97.414451
97.414451
97.414451
97.414451
97.414451
97.414451
97.414451
97.414451
97.414451
97.414451
97.414451
97.414451
97.414451
97.414451
97.414451
97.414451
97.414451
97.414451
97.414451
97.414451
97.416084
97.416084
97.416084
97.416084
97.416084
97.416084
97.416084
97.416084
97.416084
97.416084
97.416084
97.416084
97.416084
97.416084
97.416084
97.416084
97.416084
97.416084
97.416084
97.416084
97.417695
97.417695
97.417695
97.417695
97.417695
97.417695
97.417695
97.417695
97.417695
97.417695
97.417695
97.417695
97.417695
97.417695
97.417695
97.417695
97.417695
97.417695
97.417695
97.417695
97.419282
97.419282
97.419282
97.419282
97.419282
97.419282
97.419282
97.419282
97.419282
97.419282
97.419282
97.419282
97.419282
97.419282
97.419282
97.419282
97.419282
97.419282
97.419282
97.419282
97.420923
97.420923
97.420923
97.420923
97.420923
97.420923
97.420923
97.420923
97.420923
97.420923
97.420923
97.420923
97.420923
97.420923
97.420923
97.420923
97.420923
97.420923
97.420923
97.420923
97.422613
97.422613
97.422613
97.422613
97.422613
97.422613
97.422613
97.422613
97.422613
97.422613
97.422613
97.422613
97.422613
97.422613
97.422613
97.422613
97.422613
97.422613
97.422613
97.422613
97.424253
97.424253
97.424253
97.424253
97.424253
97.424253
97.424253
97.424253
97.424253
97.424253
97.424253
97.424253
97.424253
97.424253
97.424253
97.424253
97.424253
97.424253
97.424253
97.424253
97.42595
97.42595
97.42595
97.42595
97.42595
97.42595
97.42595
97.42595
97.42595
97.42595
97.42595
97.42595
97.42595
97.42595
97.42595
97.42595
97.42595
97.42595
97.42595
97.42595
97.427648
97.427648
97.427648
97.427648
97.427648
97.427648
97.427648
97.427648
97.427648
97.427648
97.427648
97.427648
97.427648
97.427648
97.427648
97.427648
97.427648
97.427648
97.427648
97.427648
97.429338
97.429338
97.429338
97.429338
97.429338
97.429338
97.429338
97.429338
97.429338
97.429338
97.429338
97.429338
97.429338
97.429338
97.429338
97.429338
97.429338
97.429338
97.429338
97.429338
97.431072
97.431072
97.431072
97.431072
97.431072
97.431072
97.431072
97.431072
97.431072
97.431072
97.431072
97.431072
97.431072
97.431072
97.431072
97.431072
97.431072
97.431072
97.431072
97.431072
97.432856
97.432856
97.432856
97.432856
97.432856
97.432856
97.432856
97.432856
97.432856
97.432856
97.432856
97.432856
97.432856
97.432856
97.432856
97.432856
97.432856
97.432856
97.432856
97.432856
97.434604
97.434604
97.434604
97.434604
97.434604
97.434604
97.434604
97.434604
97.434604
97.434604
97.434604
97.434604
97.434604
97.434604
97.434604
97.434604
97.434604
97.434604
97.434604
97.434604
97.436382
97.436382
97.436382
97.436382
97.436382
97.436382
97.436382
97.436382
97.436382
97.436382
97.436382
97.436382
97.436382
97.436382
97.436382
97.436382
97.436382
97.436382
97.436382
97.436382
97.438192
97.438192
97.438192
97.438192
97.438192
97.438192
97.438192
97.438192
97.438192
97.438192
97.438192
97.438192
97.438192
97.438192
97.438192
97.438192
97.438192
97.438192
97.438192
97.438192
97.440044
97.440044
97.440044
97.440044
97.440044
97.440044
97.440044
97.440044
97.440044
97.440044
97.440044
97.440044
97.440044
97.440044
97.440044
97.440044
97.440044
97.440044
97.440044
97.440044
97.441901
97.441901
97.441901
97.441901
97.441901
97.441901
97.441901
97.441901
97.441901
97.441901
97.441901
97.441901
97.441901
97.441901
97.441901
97.441901
97.441901
97.441901
97.441901
97.441901
97.443756
97.443756
97.443756
97.443756
97.443756
97.443756
97.443756
97.443756
97.443756
97.443756
97.443756
97.443756
97.443756
97.443756
97.443756
97.443756
97.443756
97.443756
97.443756
97.443756
97.445646
97.445646
97.445646
97.445646
97.445646
97.445646
97.445646
97.445646
97.445646
97.445646
97.445646
97.445646
97.445646
97.445646
97.445646
97.445646
97.445646
97.445646
97.445646
97.445646
97.447526
97.447526
97.447526
97.447526
97.447526
97.447526
97.447526
97.447526
97.447526
97.447526
97.447526
97.447526
97.447526
97.447526
97.447526
97.447526
97.447526
97.447526
97.447526
97.447526
97.449432
97.449432
97.449432
97.449432
97.449432
97.449432
97.449432
97.449432
97.449432
97.449432
97.449432
97.449432
97.449432
97.449432
97.449432
97.449432
97.449432
97.449432
97.449432
97.449432
97.451361
97.451361
97.451361
97.451361
97.451361
97.451361
97.451361
97.451361
97.451361
97.451361
97.451361
97.451361
97.451361
97.451361
97.451361
97.451361
97.451361
97.451361
97.451361
97.451361
97.453275
97.453275
97.453275
97.453275
97.453275
97.453275
97.453275
97.453275
97.453275
97.453275
97.453275
97.453275
97.453275
97.453275
97.453275
97.453275
97.453275
97.453275
97.453275
97.453275
97.455237
97.455237
97.455237
97.455237
97.455237
97.455237
97.455237
97.455237
97.455237
97.455237
97.455237
97.455237
97.455237
97.455237
97.455237
97.455237
97.455237
97.455237
97.455237
97.455237
97.457171
97.457171
97.457171
97.457171
97.457171
97.457171
97.457171
97.457171
97.457171
97.457171
97.457171
97.457171
97.457171
97.457171
97.457171
97.457171
97.457171
97.457171
97.457171
97.457171
97.459088
97.459088
97.459088
97.459088
97.459088
97.459088
97.459088
97.459088
97.459088
97.459088
97.459088
97.459088
97.459088
97.459088
97.459088
97.459088
97.459088
97.459088
97.459088
97.459088
97.460995
97.460995
97.460995
97.460995
97.460995
97.460995
97.460995
97.460995
97.460995
97.460995
97.460995
97.460995
97.460995
97.460995
97.460995
97.460995
97.460995
97.460995
97.460995
97.460995
97.462889
97.462889
97.462889
97.462889
97.462889
97.462889
97.462889
97.462889
97.462889
97.462889
97.462889
97.462889
97.462889
97.462889
97.462889
97.462889
97.462889
97.462889
97.462889
97.462889
97.464729
97.464729
97.464729
97.464729
97.464729
97.464729
97.464729
97.464729
97.464729
97.464729
97.464729
97.464729
97.464729
97.464729
97.464729
97.464729
97.464729
97.464729
97.464729
97.464729
97.466563
97.466563
97.466563
97.466563
97.466563
97.466563
97.466563
97.466563
97.466563
97.466563
97.466563
97.466563
97.466563
97.466563
97.466563
97.466563
97.466563
97.466563
97.466563
97.466563
97.468345
97.468345
97.468345
97.468345
97.468345
97.468345
97.468345
97.468345
97.468345
97.468345
97.468345
97.468345
97.468345
97.468345
97.468345
97.468345
97.468345
97.468345
97.468345
97.468345
97.470086
97.470086
97.470086
97.470086
97.470086
97.470086
97.470086
97.470086
97.470086
97.470086
97.470086
97.470086
97.470086
97.470086
97.470086
97.470086
97.470086
97.470086
97.470086
97.470086
97.471783
97.471783
97.471783
97.471783
97.471783
97.471783
97.471783
97.471783
97.471783
97.471783
97.471783
97.471783
97.471783
97.471783
97.471783
97.471783
97.471783
97.471783
97.471783
97.471783
97.473351
97.473351
97.473351
97.473351
97.473351
97.473351
97.473351
97.473351
97.473351
97.473351
97.473351
97.473351
97.473351
97.473351
97.473351
97.473351
97.473351
97.473351
97.473351
97.473351
97.474862
97.474862
97.474862
97.474862
97.474862
97.474862
97.474862
97.474862
97.474862
97.474862
97.474862
97.474862
97.474862
97.474862
97.474862
97.474862
97.474862
97.474862
97.474862
97.474862
97.476273
97.476273
97.476273
97.476273
97.476273
97.476273
97.476273
97.476273
97.476273
97.476273
97.476273
97.476273
97.476273
97.476273
97.476273
97.476273
97.476273
97.476273
97.476273
97.476273
97.477532
97.477532
97.477532
97.477532
97.477532
97.477532
97.477532
97.477532
97.477532
97.477532
97.477532
97.477532
97.477532
97.477532
97.477532
97.477532
97.477532
97.477532
97.477532
97.477532
97.478655
97.478655
97.478655
97.478655
97.478655
97.478655
97.478655
97.478655
97.478655
97.478655
97.478655
97.478655
97.478655
97.478655
97.478655
97.478655
97.478655
97.478655
97.478655
97.478655
97.479638
97.479638
97.479638
97.479638
97.479638
97.479638
97.479638
97.479638
97.479638
97.479638
97.479638
97.479638
97.479638
97.479638
97.479638
97.479638
97.479638
97.479638
97.479638
97.479638
97.480391
97.480391
97.480391
97.480391
97.480391
97.480391
97.480391
97.480391
97.480391
97.480391
97.480391
97.480391
97.480391
97.480391
97.480391
97.480391
97.480391
97.480391
97.480391
97.480391
97.48094
97.48094
97.48094
97.48094
97.48094
97.48094
97.48094
97.48094
97.48094
97.48094
97.48094
97.48094
97.48094
97.48094
97.48094
97.48094
97.48094
97.48094
97.48094
97.48094
97.481239
97.481239
97.481239
97.481239
97.481239
97.481239
97.481239
97.481239
97.481239
97.481239
97.481239
97.481239
97.481239
97.481239
97.481239
97.481239
97.481239
97.481239
97.481239
97.481239
97.414658
97.414658
97.414658
97.414658
97.414658
97.414658
97.414658
97.414658
97.414658
97.414658
97.414658
97.414658
97.414658
97.414658
97.414658
97.414658
97.414658
97.414658
97.414658
97.414658
97.279691
97.279691
97.279691
97.279691
97.279691
97.279691
97.279691
97.279691
97.279691
97.279691
97.279691
97.279691
97.279691
97.279691
97.279691
97.279691
97.279691
97.279691
97.279691
97.279691
97.150011
97.150011
97.150011
97.150011
97.150011
97.150011
97.150011
97.150011
97.150011
97.150011
97.150011
97.150011
97.150011
97.150011
97.150011
97.150011
97.150011
97.150011
97.150011
97.150011
97.025475
97.025475
97.025475
97.025475
97.025475
97.025475
97.025475
97.025475
97.025475
97.025475
97.025475
97.025475
97.025475
97.025475
97.025475
97.025475
97.025475
97.025475
97.025475
97.025475
96.905899
96.905899
96.905899
96.905899
96.905899
96.905899
96.905899
96.905899
96.905899
96.905899
96.905899
96.905899
96.905899
96.905899
96.905899
96.905899
96.905899
96.905899
96.905899
96.905899
96.791201
96.791201
96.791201
96.791201
96.791201
96.791201
96.791201
96.791201
96.791201
96.791201
96.791201
96.791201
96.791201
96.791201
96.791201
96.791201
96.791201
96.791201
96.791201
96.791201
96.681281
96.681281
96.681281
96.681281
96.681281
96.681281
96.681281
96.681281
96.681281
96.681281
96.681281
96.681281
96.681281
96.681281
96.681281
96.681281
96.681281
96.681281
96.681281
96.681281
96.575928
96.575928
96.575928
96.575928
96.575928
96.575928
96.575928
96.575928
96.575928
96.575928
96.575928
96.575928
96.575928
96.575928
96.575928
96.575928
96.575928
96.575928
96.575928
96.575928
96.474939
96.474939
96.474939
96.474939
96.474939
96.474939
96.474939
96.474939
96.474939
96.474939
96.474939
96.474939
96.474939
96.474939
96.474939
96.474939
96.474939
96.474939
96.474939
96.474939
96.378282
96.378282
96.378282
96.378282
96.378282
96.378282
96.378282
96.378282
96.378282
96.378282
96.378282
96.378282
96.378282
96.378282
96.378282
96.378282
96.378282
96.378282
96.378282
96.378282
96.285824
96.285824
96.285824
96.285824
96.285824
96.285824
96.285824
96.285824
96.285824
96.285824
96.285824
96.285824
96.285824
96.285824
96.285824
96.285824
96.285824
96.285824
96.285824
96.285824
96.197281
96.197281
96.197281
96.197281
96.197281
96.197281
96.197281
96.197281
96.197281
96.197281
96.197281
96.197281
96.197281
96.197281
96.197281
96.197281
96.197281
96.197281
96.197281
96.197281
96.11272
96.11272
96.11272
96.11272
96.11272
96.11272
96.11272
96.11272
96.11272
96.11272
96.11272
96.11272
96.11272
96.11272
96.11272
96.11272
96.11272
96.11272
96.11272
96.11272
96.031797
96.031797
96.031797
96.031797
96.031797
96.031797
96.031797
96.031797
96.031797
96.031797
96.031797
96.031797
96.031797
96.031797
96.031797
96.031797
96.031797
96.031797
96.031797
96.031797
95.954411
95.954411
95.954411
95.954411
95.954411
95.954411
95.954411
95.954411
95.954411
95.954411
95.954411
95.954411
95.954411
95.954411
95.954411
95.954411
95.954411
95.954411
95.954411
95.954411
95.880575
95.880575
95.880575
95.880575
95.880575
95.880575
95.880575
95.880575
95.880575
95.880575
95.880575
95.880575
95.880575
95.880575
95.880575
95.880575
95.880575
95.880575
95.880575
95.880575
95.80992
95.80992
95.80992
95.80992
95.80992
95.80992
95.80992
95.80992
95.80992
95.80992
95.80992
95.80992
95.80992
95.80992
95.80992
95.80992
95.80992
95.80992
95.80992
95.80992
95.742479
95.742479
95.742479
95.742479
95.742479
95.742479
95.742479
95.742479
95.742479
95.742479
95.742479
95.742479
95.742479
95.742479
95.742479
95.742479
95.742479
95.742479
95.742479
95.742479
95.677985
95.677985
95.677985
95.677985
95.677985
95.677985
95.677985
95.677985
95.677985
95.677985
95.677985
95.677985
95.677985
95.677985
95.677985
95.677985
95.677985
95.677985
95.677985
95.677985
95.616335
95.616335
95.616335
95.616335
95.616335
95.616335
95.616335
95.616335
95.616335
95.616335
95.616335
95.616335
95.616335
95.616335
95.616335
95.616335
95.616335
95.616335
95.616335
95.616335
95.557438
95.557438
95.557438
95.557438
95.557438
95.557438
95.557438
95.557438
95.557438
95.557438
95.557438
95.557438
95.557438
95.557438
95.557438
95.557438
95.557438
95.557438
95.557438
95.557438
95.501036
95.501036
95.501036
95.501036
95.501036
95.501036
95.501036
95.501036
95.501036
95.501036
95.501036
95.501036
95.501036
95.501036
95.501036
95.501036
95.501036
95.501036
95.501036
95.501036
95.447231
95.447231
95.447231
95.447231
95.447231
95.447231
95.447231
95.447231
95.447231
95.447231
95.447231
95.447231
95.447231
95.447231
95.447231
95.447231
95.447231
95.447231
95.447231
95.447231
95.395375
95.395375
95.395375
95.395375
95.395375
95.395375
95.395375
95.395375
95.395375
95.395375
95.395375
95.395375
95.395375
95.395375
95.395375
95.395375
95.395375
95.395375
95.395375
95.395375
95.345938
95.345938
95.345938
95.345938
95.345938
95.345938
95.345938
95.345938
95.345938
95.345938
95.345938
95.345938
95.345938
95.345938
95.345938
95.345938
95.345938
95.345938
95.345938
95.345938
95.298494
95.298494
95.298494
95.298494
95.298494
95.298494
95.298494
95.298494
95.298494
95.298494
95.298494
95.298494
95.298494
95.298494
95.298494
95.298494
95.298494
95.298494
95.298494
95.298494
95.25272
95.25272
95.25272
95.25272
95.25272
95.25272
95.25272
95.25272
95.25272
95.25272
95.25272
95.25272
95.25272
95.25272
95.25272
95.25272
95.25272
95.25272
95.25272
95.25272
95.208818
95.208818
95.208818
95.208818
95.208818
95.208818
95.208818
95.208818
95.208818
95.208818
95.208818
95.208818
95.208818
95.208818
95.208818
95.208818
95.208818
95.208818
95.208818
95.208818
95.166378
95.166378
95.166378
95.166378
95.166378
95.166378
95.166378
95.166378
95.166378
95.166378
95.166378
95.166378
95.166378
95.166378
95.166378
95.166378
95.166378
95.166378
95.166378
95.166378
95.125448
95.125448
95.125448
95.125448
95.125448
95.125448
95.125448
95.125448
95.125448
95.125448
95.125448
95.125448
95.125448
95.125448
95.125448
95.125448
95.125448
95.125448
95.125448
95.125448
95.085825
95.085825
95.085825
95.085825
95.085825
95.085825
95.085825
95.085825
95.085825
95.085825
95.085825
95.085825
95.085825
95.085825
95.085825
95.085825
95.085825
95.085825
95.085825
95.085825
95.047497
95.047497
95.047497
95.047497
95.047497
95.047497
95.047497
95.047497
95.047497
95.047497
95.047497
95.047497
95.047497
95.047497
95.047497
95.047497
95.047497
95.047497
95.047497
95.047497
95.010188
95.010188
95.010188
95.010188
95.010188
95.010188
95.010188
95.010188
95.010188
95.010188
95.010188
95.010188
95.010188
95.010188
95.010188
95.010188
95.010188
95.010188
95.010188
95.010188
94.973636
94.973636
94.973636
94.973636
94.973636
94.973636
94.973636
94.973636
94.973636
94.973636
94.973636
94.973636
94.973636
94.973636
94.973636
94.973636
94.973636
94.973636
94.973636
94.973636
94.938008
94.938008
94.938008
94.938008
94.938008
94.938008
94.938008
94.938008
94.938008
94.938008
94.938008
94.938008
94.938008
94.938008
94.938008
94.938008
94.938008
94.938008
94.938008
94.938008
94.903351
94.903351
94.903351
94.903351
94.903351
94.903351
94.903351
94.903351
94.903351
94.903351
94.903351
94.903351
94.903351
94.903351
94.903351
94.903351
94.903351
94.903351
94.903351
94.903351
94.869302
94.869302
94.869302
94.869302
94.869302
94.869302
94.869302
94.869302
94.869302
94.869302
94.869302
94.869302
94.869302
94.869302
94.869302
94.869302
94.869302
94.869302
94.869302
94.869302
94.835691
94.835691
94.835691
94.835691
94.835691
94.835691
94.835691
94.835691
94.835691
94.835691
94.835691
94.835691
94.835691
94.835691
94.835691
94.835691
94.835691
94.835691
94.835691
94.835691
94.802597
94.802597
94.802597
94.802597
94.802597
94.802597
94.802597
94.802597
94.802597
94.802597
94.802597
94.802597
94.802597
94.802597
94.802597
94.802597
94.802597
94.802597
94.802597
94.802597
94.770128
94.770128
94.770128
94.770128
94.770128
94.770128
94.770128
94.770128
94.770128
94.770128
94.770128
94.770128
94.770128
94.770128
94.770128
94.770128
94.770128
94.770128
94.770128
94.770128
94.73799
94.73799
94.73799
94.73799
94.73799
94.73799
94.73799
94.73799
94.73799
94.73799
94.73799
94.73799
94.73799
94.73799
94.73799
94.73799
94.73799
94.73799
94.73799
94.73799
94.706387
94.706387
94.706387
94.706387
94.706387
94.706387
94.706387
94.706387
94.706387
94.706387
94.706387
94.706387
94.706387
94.706387
94.706387
94.706387
94.706387
94.706387
94.706387
94.706387
94.674951
94.674951
94.674951
94.674951
94.674951
94.674951
94.674951
94.674951
94.674951
94.674951
94.674951
94.674951
94.674951
94.674951
94.674951
94.674951
94.674951
94.674951
94.674951
94.674951
94.644807
94.644807
94.644807
94.644807
94.644807
94.644807
94.644807
94.644807
94.644807
94.644807
94.644807
94.644807
94.644807
94.644807
94.644807
94.644807
94.644807
94.644807
94.644807
94.644807
94.614411
94.614411
94.614411
94.614411
94.614411
94.614411
94.614411
94.614411
94.614411
94.614411
94.614411
94.614411
94.614411
94.614411
94.614411
94.614411
94.614411
94.614411
94.614411
94.614411
94.585353
94.585353
94.585353
94.585353
94.585353
94.585353
94.585353
94.585353
94.585353
94.585353
94.585353
94.585353
94.585353
94.585353
94.585353
94.585353
94.585353
94.585353
94.585353
94.585353
94.556869
94.556869
94.556869
94.556869
94.556869
94.556869
94.556869
94.556869
94.556869
94.556869
94.556869
94.556869
94.556869
94.556869
94.556869
94.556869
94.556869
94.556869
94.556869
94.556869
94.529627
94.529627
94.529627
94.529627
94.529627
94.529627
94.529627
94.529627
94.529627
94.529627
94.529627
94.529627
94.529627
94.529627
94.529627
94.529627
94.529627
94.529627
94.529627
94.529627
94.504196
94.504196
94.504196
94.504196
94.504196
94.504196
94.504196
94.504196
94.504196
94.504196
94.504196
94.504196
94.504196
94.504196
94.504196
94.504196
94.504196
94.504196
94.504196
94.504196
94.480432
94.480432
94.480432
94.480432
94.480432
94.480432
94.480432
94.480432
94.480432
94.480432
94.480432
94.480432
94.480432
94.480432
94.480432
94.480432
94.480432
94.480432
94.480432
94.480432
94.45874
94.45874
94.45874
94.45874
94.45874
94.45874
94.45874
94.45874
94.45874
94.45874
94.45874
94.45874
94.45874
94.45874
94.45874
94.45874
94.45874
94.45874
94.45874
94.45874
94.440343
94.440343
94.440343
94.440343
94.440343
94.440343
94.440343
94.440343
94.440343
94.440343
94.440343
94.440343
94.440343
94.440343
94.440343
94.440343
94.440343
94.440343
94.440343
94.440343
94.42562
94.42562
94.42562
94.42562
94.42562
94.42562
94.42562
94.42562
94.42562
94.42562
94.42562
94.42562
94.42562
94.42562
94.42562
94.42562
94.42562
94.42562
94.42562
94.42562
94.415229
94.415229
94.415229
94.415229
94.415229
94.415229
94.415229
94.415229
94.415229
94.415229
94.415229
94.415229
94.415229
94.415229
94.415229
94.415229
94.415229
94.415229
94.415229
94.415229
94.410543
94.410543
94.410543
94.410543
94.410543
94.410543
94.410543
94.410543
94.410543
94.410543
94.410543
94.410543
94.410543
94.410543
94.410543
94.410543
94.410543
94.410543
94.410543
94.410543
94.412674
94.412674
94.412674
94.412674
94.412674
94.412674
94.412674
94.412674
94.412674
94.412674
94.412674
94.412674
94.412674
94.412674
94.412674
94.412674
94.412674
94.412674
94.412674
94.412674
94.422187
94.422187
94.422187
94.422187
94.422187
94.422187
94.422187
94.422187
94.422187
94.422187
94.422187
94.422187
94.422187
94.422187
94.422187
94.422187
94.422187
94.422187
94.422187
94.422187
94.443355
94.443355
94.443355
94.443355
94.443355
94.443355
94.443355
94.443355
94.443355
94.443355
94.443355
94.443355
94.443355
94.443355
94.443355
94.443355
94.443355
94.443355
94.443355
94.443355
94.474872
94.474872
94.474872
94.474872
94.474872
94.474872
94.474872
94.474872
94.474872
94.474872
94.474872
94.474872
94.474872
94.474872
94.474872
94.474872
94.474872
94.474872
94.474872
94.474872
94.522018
94.522018
94.522018
94.522018
94.522018
94.522018
94.522018
94.522018
94.522018
94.522018
94.522018
94.522018
94.522018
94.522018
94.522018
94.522018
94.522018
94.522018
94.522018
94.522018
94.585267
94.585267
94.585267
94.585267
94.585267
94.585267
94.585267
94.585267
94.585267
94.585267
94.585267
94.585267
94.585267
94.585267
94.585267
94.585267
94.585267
94.585267
94.585267
94.585267
94.669126
94.669126
94.669126
94.669126
94.669126
94.669126
94.669126
94.669126
94.669126
94.669126
94.669126
94.669126
94.669126
94.669126
94.669126
94.669126
94.669126
94.669126
94.669126
94.669126
94.777441
94.777441
94.777441
94.777441
94.777441
94.777441
94.777441
94.777441
94.777441
94.777441
94.777441
94.777441
94.777441
94.777441
94.777441
94.777441
94.777441
94.777441
94.777441
94.777441
94.91277
94.91277
94.91277
94.91277
94.91277
94.91277
94.91277
94.91277
94.91277
94.91277
94.91277
94.91277
94.91277
94.91277
94.91277
94.91277
94.91277
94.91277
94.91277
94.91277
95.078835
95.078835
95.078835
95.078835
95.078835
95.078835
95.078835
95.078835
95.078835
95.078835
95.078835
95.078835
95.078835
95.078835
95.078835
95.078835
95.078835
95.078835
95.078835
95.078835
95.279922
95.279922
95.279922
95.279922
95.279922
95.279922
95.279922
95.279922
95.279922
95.279922
95.279922
95.279922
95.279922
95.279922
95.279922
95.279922
95.279922
95.279922
95.279922
95.279922
95.517945
95.517945
95.517945
95.517945
95.517945
95.517945
95.517945
95.517945
95.517945
95.517945
95.517945
95.517945
95.517945
95.517945
95.517945
95.517945
95.517945
95.517945
95.517945
95.517945
95.790991
95.790991
95.790991
95.790991
95.790991
95.790991
95.790991
95.790991
95.790991
95.790991
95.790991
95.790991
95.790991
95.790991
95.790991
95.790991
95.790991
95.790991
95.790991
95.790991
96.094033
96.094033
96.094033
96.094033
96.094033
96.094033
96.094033
96.094033
96.094033
96.094033
96.094033
96.094033
96.094033
96.094033
96.094033
96.094033
96.094033
96.094033
96.094033
96.094033
96.414551
96.414551
96.414551
96.414551
96.414551
96.414551
96.414551
96.414551
96.414551
96.414551
96.414551
96.414551
96.414551
96.414551
96.414551
96.414551
96.414551
96.414551
96.414551
96.414551
96.730065
96.730065
96.730065
96.730065
96.730065
96.730065
96.730065
96.730065
96.730065
96.730065
96.730065
96.730065
96.730065
96.730065
96.730065
96.730065
96.730065
96.730065
96.730065
96.730065
97.009464
97.009464
97.009464
97.009464
97.009464
97.009464
97.009464
97.009464
97.009464
97.009464
97.009464
97.009464
97.009464
97.009464
97.009464
97.009464
97.009464
97.009464
97.009464
97.009464
97.217248
97.217248
97.217248
97.217248
97.217248
97.217248
97.217248
97.217248
97.217248
97.217248
97.217248
97.217248
97.217248
97.217248
97.217248
97.217248
97.217248
97.217248
97.217248
97.217248
97.31943
97.31943
97.31943
97.31943
97.31943
97.31943
97.31943
97.31943
97.31943
97.31943
97.31943
97.31943
97.31943
97.31943
97.31943
97.31943
97.31943
97.31943
97.31943
97.31943
97.300451
97.300451
97.300451
97.300451
97.300451
97.300451
97.300451
97.300451
97.300451
97.300451
97.300451
97.300451
97.300451
97.300451
97.300451
97.300451
97.300451
97.300451
97.300451
97.300451
97.345856
97.345856
97.345856
97.345856
97.345856
97.345856
97.345856
97.345856
97.345856
97.345856
97.345856
97.345856
97.345856
97.345856
97.345856
97.345856
97.345856
97.345856
97.345856
97.345856
97.349049
97.349049
97.349049
97.349049
97.349049
97.349049
97.349049
97.349049
97.349049
97.349049
97.349049
97.349049
97.349049
97.349049
97.349049
97.349049
97.349049
97.349049
97.349049
97.349049
97.352164
97.352164
97.352164
97.352164
97.352164
97.352164
97.352164
97.352164
97.352164
97.352164
97.352164
97.352164
97.352164
97.352164
97.352164
97.352164
97.352164
97.352164
97.352164
97.352164
97.355146
97.355146
97.355146
97.355146
97.355146
97.355146
97.355146
97.355146
97.355146
97.355146
97.355146
97.355146
97.355146
97.355146
97.355146
97.355146
97.355146
97.355146
97.355146
97.355146
97.357991
97.357991
97.357991
97.357991
97.357991
97.357991
97.357991
97.357991
97.357991
97.357991
97.357991
97.357991
97.357991
97.357991
97.357991
97.357991
97.357991
97.357991
97.357991
97.357991
97.360772
97.360772
97.360772
97.360772
97.360772
97.360772
97.360772
97.360772
97.360772
97.360772
97.360772
97.360772
97.360772
97.360772
97.360772
97.360772
97.360772
97.360772
97.360772
97.360772
97.363441
97.363441
97.363441
97.363441
97.363441
97.363441
97.363441
97.363441
97.363441
97.363441
97.363441
97.363441
97.363441
97.363441
97.363441
97.363441
97.363441
97.363441
97.363441
97.363441
97.365951
97.365951
97.365951
97.365951
97.365951
97.365951
97.365951
97.365951
97.365951
97.365951
97.365951
97.365951
97.365951
97.365951
97.365951
97.365951
97.365951
97.365951
97.365951
97.365951
97.368481
97.368481
97.368481
97.368481
97.368481
97.368481
97.368481
97.368481
97.368481
97.368481
97.368481
97.368481
97.368481
97.368481
97.368481
97.368481
97.368481
97.368481
97.368481
97.368481
97.370867
97.370867
97.370867
97.370867
97.370867
97.370867
97.370867
97.370867
97.370867
97.370867
97.370867
97.370867
97.370867
97.370867
97.370867
97.370867
97.370867
97.370867
97.370867
97.370867
97.373178
97.373178
97.373178
97.373178
97.373178
97.373178
97.373178
97.373178
97.373178
97.373178
97.373178
97.373178
97.373178
97.373178
97.373178
97.373178
97.373178
97.373178
97.373178
97.373178
97.375463
97.375463
97.375463
97.375463
97.375463
97.375463
97.375463
97.375463
97.375463
97.375463
97.375463
97.375463
97.375463
97.375463
97.375463
97.375463
97.375463
97.375463
97.375463
97.375463
97.377622
97.377622
97.377622
97.377622
97.377622
97.377622
97.377622
97.377622
97.377622
97.377622
97.377622
97.377622
97.377622
97.377622
97.377622
97.377622
97.377622
97.377622
97.377622
97.377622
97.379675
97.379675
97.379675
97.379675
97.379675
97.379675
97.379675
97.379675
97.379675
97.379675
97.379675
97.379675
97.379675
97.379675
97.379675
97.379675
97.379675
97.379675
97.379675
97.379675
97.381762
97.381762
97.381762
97.381762
97.381762
97.381762
97.381762
97.381762
97.381762
97.381762
97.381762
97.381762
97.381762
97.381762
97.381762
97.381762
97.381762
97.381762
97.381762
97.381762
97.383798
97.383798
97.383798
97.383798
97.383798
97.383798
97.383798
97.383798
97.383798
97.383798
97.383798
97.383798
97.383798
97.383798
97.383798
97.383798
97.383798
97.383798
97.383798
97.383798
97.385741
97.385741
97.385741
97.385741
97.385741
97.385741
97.385741
97.385741
97.385741
97.385741
97.385741
97.385741
97.385741
97.385741
97.385741
97.385741
97.385741
97.385741
97.385741
97.385741
97.387649
97.387649
97.387649
97.387649
97.387649
97.387649
97.387649
97.387649
97.387649
97.387649
97.387649
97.387649
97.387649
97.387649
97.387649
97.387649
97.387649
97.387649
97.387649
97.387649
97.389501
97.389501
97.389501
97.389501
97.389501
97.389501
97.389501
97.389501
97.389501
97.389501
97.389501
97.389501
97.389501
97.389501
97.389501
97.389501
97.389501
97.389501
97.389501
97.389501
97.391293
97.391293
97.391293
97.391293
97.391293
97.391293
97.391293
97.391293
97.391293
97.391293
97.391293
97.391293
97.391293
97.391293
97.391293
97.391293
97.391293
97.391293
97.391293
97.391293
97.39305
97.39305
97.39305
97.39305
97.39305
97.39305
97.39305
97.39305
97.39305
97.39305
97.39305
97.39305
97.39305
97.39305
97.39305
97.39305
97.39305
97.39305
97.39305
97.39305
97.394827
97.394827
97.394827
97.394827
97.394827
97.394827
97.394827
97.394827
97.394827
97.394827
97.394827
97.394827
97.394827
97.394827
97.394827
97.394827
97.394827
97.394827
97.394827
97.394827
97.396535
97.396535
97.396535
97.396535
97.396535
97.396535
97.396535
97.396535
97.396535
97.396535
97.396535
97.396535
97.396535
97.396535
97.396535
97.396535
97.396535
97.396535
97.396535
97.396535
97.398275
97.398275
97.398275
97.398275
97.398275
97.398275
97.398275
97.398275
97.398275
97.398275
97.398275
97.398275
97.398275
97.398275
97.398275
97.398275
97.398275
97.398275
97.398275
97.398275
97.39992
97.39992
97.39992
97.39992
97.39992
97.39992
97.39992
97.39992
97.39992
97.39992
97.39992
97.39992
97.39992
97.39992
97.39992
97.39992
97.39992
97.39992
97.39992
97.39992
97.401568
97.401568
97.401568
97.401568
97.401568
97.401568
97.401568
97.401568
97.401568
97.401568
97.401568
97.401568
97.401568
97.401568
97.401568
97.401568
97.401568
97.401568
97.401568
97.401568
97.403183
97.403183
97.403183
97.403183
97.403183
97.403183
97.403183
97.403183
97.403183
97.403183
97.403183
97.403183
97.403183
97.403183
97.403183
97.403183
97.403183
97.403183
97.403183
97.403183
97.404846
97.404846
97.404846
97.404846
97.404846
97.404846
97.404846
97.404846
97.404846
97.404846
97.404846
97.404846
97.404846
97.404846
97.404846
97.404846
97.404846
97.404846
97.404846
97.404846
97.406448
97.406448
97.406448
97.406448
97.406448
97.406448
97.406448
97.406448
97.406448
97.406448
97.406448
97.406448
97.406448
97.406448
97.406448
97.406448
97.406448
97.406448
97.406448
97.406448
97.408079
97.408079
97.408079
97.408079
97.408079
97.408079
97.408079
97.408079
97.408079
97.408079
97.408079
97.408079
97.408079
97.408079
97.408079
97.408079
97.408079
97.408079
97.408079
97.408079
97.409709
97.409709
97.409709
97.409709
97.409709
97.409709
97.409709
97.409709
97.409709
97.409709
97.409709
97.409709
97.409709
97.409709
97.409709
97.409709
97.409709
97.409709
97.409709
97.409709
97.411252
97.411252
97.411252
97.411252
97.411252
97.411252
97.411252
97.411252
97.411252
97.411252
97.411252
97.411252
97.411252
97.411252
97.411252
97.411252
97.411252
97.411252
97.411252
97.411252
97.412858
97.412858
97.412858
97.412858
97.412858
97.412858
97.412858
97.412858
97.412858
97.412858
97.412858
97.412858
97.412858
97.412858
97.412858
97.412858
97.412858
97.412858
97.412858
97.412858
97.414451
97.414451
97.414451
97.414451
97.414451
97.414451
97.414451
97.414451
97.414451
97.414451
97.414451
97.414451
97.414451
97.414451
97.414451
97.414451
97.414451
97.414451
97.414451
97.414451
97.416084
97.416084
97.416084
97.416084
97.416084
97.416084
97.416084
97.416084
97.416084
97.416084
97.416084
97.416084
97.416084
97.416084
97.416084
97.416084
97.416084
97.416084
97.416084
97.416084
97.417695
97.417695
97.417695
97.417695
97.417695
97.417695
97.417695
97.417695
97.417695
97.417695
97.417695
97.417695
97.417695
97.417695
97.417695
97.417695
97.417695
97.417695
97.417695
97.417695
97.419282
97.419282
97.419282
97.419282
97.419282
97.419282
97.419282
97.419282
97.419282
97.419282
97.419282
97.419282
97.419282
97.419282
97.419282
97.419282
97.419282
97.419282
97.419282
97.419282
97.420923
97.420923
97.420923
97.420923
97.420923
97.420923
97.420923
97.420923
97.420923
97.420923
97.420923
97.420923
97.420923
97.420923
97.420923
97.420923
97.420923
97.420923
97.420923
97.420923
97.422613
97.422613
97.422613
97.422613
97.422613
97.422613
97.422613
97.422613
97.422613
97.422613
97.422613
97.422613
97.422613
97.422613
97.422613
97.422613
97.422613
97.422613
97.422613
97.422613
97.424253
97.424253
97.424253
97.424253
97.424253
97.424253
97.424253
97.424253
97.424253
97.424253
97.424253
97.424253
97.424253
97.424253
97.424253
97.424253
97.424253
97.424253
97.424253
97.424253
97.42595
97.42595
97.42595
97.42595
97.42595
97.42595
97.42595
97.42595
97.42595
97.42595
97.42595
97.42595
97.42595
97.42595
97.42595
97.42595
97.42595
97.42595
97.42595
97.42595
97.427648
97.427648
97.427648
97.427648
97.427648
97.427648
97.427648
97.427648
97.427648
97.427648
97.427648
97.427648
97.427648
97.427648
97.427648
97.427648
97.427648
97.427648
97.427648
97.427648
97.429338
97.429338
97.429338
97.429338
97.429338
97.429338
97.429338
97.429338
97.429338
97.429338
97.429338
97.429338
97.429338
97.429338
97.429338
97.429338
97.429338
97.429338
97.429338
97.429338
97.431072
97.431072
97.431072
97.431072
97.431072
97.431072
97.431072
97.431072
97.431072
97.431072
97.431072
97.431072
97.431072
97.431072
97.431072
97.431072
97.431072
97.431072
97.431072
97.431072
97.432856
97.432856
97.432856
97.432856
97.432856
97.432856
97.432856
97.432856
97.432856
97.432856
97.432856
97.432856
97.432856
97.432856
97.432856
97.432856
97.432856
97.432856
97.432856
97.432856
97.434604
97.434604
97.434604
97.434604
97.434604
97.434604
97.434604
97.434604
97.434604
97.434604
97.434604
97.434604
97.434604
97.434604
97.434604
97.434604
97.434604
97.434604
97.434604
97.434604
97.436382
97.436382
97.436382
97.436382
97.436382
97.436382
97.436382
97.436382
97.436382
97.436382
97.436382
97.436382
97.436382
97.436382
97.436382
97.436382
97.436382
97.436382
97.436382
97.436382
97.438192
97.438192
97.438192
97.438192
97.438192
97.438192
97.438192
97.438192
97.438192
97.438192
97.438192
97.438192
97.438192
97.438192
97.438192
97.438192
97.438192
97.438192
97.438192
97.438192
97.440044
97.440044
97.440044
97.440044
97.440044
97.440044
97.440044
97.440044
97.440044
97.440044
97.440044
97.440044
97.440044
97.440044
97.440044
97.440044
97.440044
97.440044
97.440044
97.440044
97.441901
97.441901
97.441901
97.441901
97.441901
97.441901
97.441901
97.441901
97.441901
97.441901
97.441901
97.441901
97.441901
97.441901
97.441901
97.441901
97.441901
97.441901
97.441901
97.441901
97.443756
97.443756
97.443756
97.443756
97.443756
97.443756
97.443756
97.443756
97.443756
97.443756
97.443756
97.443756
97.443756
97.443756
97.443756
97.443756
97.443756
97.443756
97.443756
97.443756
97.445646
97.445646
97.445646
97.445646
97.445646
97.445646
97.445646
97.445646
97.445646
97.445646
97.445646
97.445646
97.445646
97.445646
97.445646
97.445646
97.445646
97.445646
97.445646
97.445646
97.447526
97.447526
97.447526
97.447526
97.447526
97.447526
97.447526
97.447526
97.447526
97.447526
97.447526
97.447526
97.447526
97.447526
97.447526
97.447526
97.447526
97.447526
97.447526
97.447526
97.449432
97.449432
97.449432
97.449432
97.449432
97.449432
97.449432
97.449432
97.449432
97.449432
97.449432
97.449432
97.449432
97.449432
97.449432
97.449432
97.449432
97.449432
97.449432
97.449432
97.451361
97.451361
97.451361
97.451361
97.451361
97.451361
97.451361
97.451361
97.451361
97.451361
97.451361
97.451361
97.451361
97.451361
97.451361
97.451361
97.451361
97.451361
97.451361
97.451361
97.453275
97.453275
97.453275
97.453275
97.453275
97.453275
97.453275
97.453275
97.453275
97.453275
97.453275
97.453275
97.453275
97.453275
97.453275
97.453275
97.453275
97.453275
97.453275
97.453275
97.455237
97.455237
97.455237
97.455237
97.455237
97.455237
97.455237
97.455237
97.455237
97.455237
97.455237
97.455237
97.455237
97.455237
97.455237
97.455237
97.455237
97.455237
97.455237
97.455237
97.457171
97.457171
97.457171
97.457171
97.457171
97.457171
97.457171
97.457171
97.457171
97.457171
97.457171
97.457171
97.457171
97.457171
97.457171
97.457171
97.457171
97.457171
97.457171
97.457171
97.459088
97.459088
97.459088
97.459088
97.459088
97.459088
97.459088
97.459088
97.459088
97.459088
97.459088
97.459088
97.459088
97.459088
97.459088
97.459088
97.459088
97.459088
97.459088
97.459088
97.460995
97.460995
97.460995
97.460995
97.460995
97.460995
97.460995
97.460995
97.460995
97.460995
97.460995
97.460995
97.460995
97.460995
97.460995
97.460995
97.460995
97.460995
97.460995
97.460995
97.462889
97.462889
97.462889
97.462889
97.462889
97.462889
97.462889
97.462889
97.462889
97.462889
97.462889
97.462889
97.462889
97.462889
97.462889
97.462889
97.462889
97.462889
97.462889
97.462889
97.464729
97.464729
97.464729
97.464729
97.464729
97.464729
97.464729
97.464729
97.464729
97.464729
97.464729
97.464729
97.464729
97.464729
97.464729
97.464729
97.464729
97.464729
97.464729
97.464729
97.466563
97.466563
97.466563
97.466563
97.466563
97.466563
97.466563
97.466563
97.466563
97.466563
97.466563
97.466563
97.466563
97.466563
97.466563
97.466563
97.466563
97.466563
97.466563
97.466563
97.468345
97.468345
97.468345
97.468345
97.468345
97.468345
97.468345
97.468345
97.468345
97.468345
97.468345
97.468345
97.468345
97.468345
97.468345
97.468345
97.468345
97.468345
97.468345
97.468345
97.470086
97.470086
97.470086
97.470086
97.470086
97.470086
97.470086
97.470086
97.470086
97.470086
97.470086
97.470086
97.470086
97.470086
97.470086
97.470086
97.470086
97.470086
97.470086
97.470086
97.471783
97.471783
97.471783
97.471783
97.471783
97.471783
97.471783
97.471783
97.471783
97.471783
97.471783
97.471783
97.471783
97.471783
97.471783
97.471783
97.471783
97.471783
97.471783
97.471783
97.473351
97.473351
97.473351
97.473351
97.473351
97.473351
97.473351
97.473351
97.473351
97.473351
97.473351
97.473351
97.473351
97.473351
97.473351
97.473351
97.473351
97.473351
97.473351
97.473351
97.474862
97.474862
97.474862
97.474862
97.474862
97.474862
97.474862
97.474862
97.474862
97.474862
97.474862
97.474862
97.474862
97.474862
97.474862
97.474862
97.474862
97.474862
97.474862
97.474862
97.476273
97.476273
97.476273
97.476273
97.476273
97.476273
97.476273
97.476273
97.476273
97.476273
97.476273
97.476273
97.476273
97.476273
97.476273
97.476273
97.476273
97.476273
97.476273
97.476273
97.477532
97.477532
97.477532
97.477532
97.477532
97.477532
97.477532
97.477532
97.477532
97.477532
97.477532
97.477532
97.477532
97.477532
97.477532
97.477532
97.477532
97.477532
97.477532
97.477532
97.478655
97.478655
97.478655
97.478655
97.478655
97.478655
97.478655
97.478655
97.478655
97.478655
97.478655
97.478655
97.478655
97.478655
97.478655
97.478655
97.478655
97.478655
97.478655
97.478655
97.479638
97.479638
97.479638
97.479638
97.479638
97.479638
97.479638
97.479638
97.479638
97.479638
97.479638
97.479638
97.479638
97.479638
97.479638
97.479638
97.479638
97.479638
97.479638
97.479638
97.480391
97.480391
97.480391
97.480391
97.480391
97.480391
97.480391
97.480391
97.480391
97.480391
97.480391
97.480391
97.480391
97.480391
97.480391
97.480391
97.480391
97.480391
97.480391
97.480391
97.48094
97.48094
97.48094
97.48094
97.48094
97.48094
97.48094
97.48094
97.48094
97.48094
97.48094
97.48094
97.48094
97.48094
97.48094
97.48094
97.48094
97.48094
97.48094
97.48094
97.481239
97.481239
97.481239
97.481239
97.481239
97.481239
97.481239
97.481239
97.481239
97.481239
97.481239
97.481239
97.481239
97.481239
97.481239
97.481239
97.481239
97.481239
97.481239
97.481239
)
;
    }
    inlet
    {
        type            calculated;
        value           uniform 0;
    }
    outlet
    {
        type            calculated;
        value           uniform 0;
    }
    back
    {
        type            cyclic;
    }
    front
    {
        type            cyclic;
    }
}


// ************************************************************************* //
